[date]
is=

[state]
work=on
ifoff=Temporarily unavailable

[version]
current=3.938
force_to_update=3.932

[users]
f1=1,2,3,4,5,6,7,8,9,10,11,12,14,15
f2=1,2,3,4,5,6,7,8,9,10,11,12,14,15
f3=1,3,5,6,7,14,15
f4=1,2,3,4,5,6,7,8,9,10,11,12,14,15
f5=0
f6=1,3,5,6,7,8,10
f7=1,3,5,6,7,10,14
f8=1,3,5,6,7,8,9,10,11,12,14
f9=1,2,3,5,6,7,8,9,10,12,14
f10=1,2,3,4,5,6,7,8,9,10,12,14
f11=1,3,6,7,8,9,10,11,14,15
f12=1,3,6,9,10,11,12,14,15
f13=1,3,5,6,7,8,9,10,14
f14=1,2,3,4,5,6,7,8,9,10,11,12,14,15
f15=1,3,5,6,7,9,10,14
f16=6,14
f17=0
f18=1,2,3,4,5,6,7,8,9,10,11,12,14
f19=1,2,3,4,5,6,7,8,9,10,11,12,14
f20=1,2,3,4,5,6,7,8,9,10,11,12,14,15
f21=1,2,3,4,5,6,7,8,9,10,11,12,14,15
p1=1,2,3,5,6,7,8,9,10,11,12,14
p2=1,2,3,4,5,6,7,8,9,10,11,12,14,15
p3=0
p4=1,2,3,4,5,6,7,8,9,10,11,12,14,15
p5=0
p6=0
p7=0
p8=0
p9=11
p10=1,2,3,4,5,6,7,8,9,10,11,12,14,15
p11=1,2,3,4,5,6,7,8,9,10,11,12,14,15
p12=0
p13=0
p14=0
p15=0
p16=1,2,3,4,5,6,7,8,9,10,11,12,14,15
p17=0
p18=0
p19=1,2,3,4,5,6,7,8,9,10,11,12,14
p20=1,2,3,4,5,6,7,8,9,10,11,12,14
p21=0
p22=1,2,3,4,5,6,7,8,9,10,11,12,14
p23=1,2,3,4,5,6,7,8,9,10,11,12,14

list=f1,f2,f3,f4,f11,f12,f14,f20,f21,p2,p4,p10,p11,p16,p22,p23
list1=f1,f2,f4,f11,f12,f14,f20,p1,p2,p11
